1.510000000000000000e+02 2.880000000000000000e+02 2.850000000000000000e+02 4.220000000000000000e+02 1.300000000000000000e+01 1.340000000000000000e+02 3.300000000000000000e+02 4.510000000000000000e+02 1.610000000000000000e+02 2.640000000000000000e+02 3.900000000000000000e+01 1.420000000000000000e+02
1.510000000000000000e+02 2.880000000000000000e+02 2.850000000000000000e+02 4.220000000000000000e+02 1.300000000000000000e+01 1.340000000000000000e+02 3.300000000000000000e+02 4.510000000000000000e+02 1.610000000000000000e+02 2.640000000000000000e+02 3.900000000000000000e+01 1.420000000000000000e+02
1.510000000000000000e+02 2.880000000000000000e+02 2.850000000000000000e+02 4.220000000000000000e+02 1.300000000000000000e+01 1.340000000000000000e+02 3.300000000000000000e+02 4.510000000000000000e+02 1.610000000000000000e+02 2.640000000000000000e+02 3.900000000000000000e+01 1.420000000000000000e+02
1.510000000000000000e+02 2.880000000000000000e+02 2.850000000000000000e+02 4.220000000000000000e+02 1.300000000000000000e+01 1.340000000000000000e+02 3.300000000000000000e+02 4.510000000000000000e+02 1.610000000000000000e+02 2.640000000000000000e+02 3.900000000000000000e+01 1.420000000000000000e+02
1.510000000000000000e+02 2.880000000000000000e+02 2.850000000000000000e+02 4.220000000000000000e+02 1.300000000000000000e+01 1.340000000000000000e+02 3.300000000000000000e+02 4.510000000000000000e+02 1.610000000000000000e+02 2.640000000000000000e+02 3.900000000000000000e+01 1.420000000000000000e+02
1.510000000000000000e+02 2.880000000000000000e+02 2.850000000000000000e+02 4.220000000000000000e+02 1.300000000000000000e+01 1.340000000000000000e+02 3.300000000000000000e+02 4.510000000000000000e+02 1.610000000000000000e+02 2.640000000000000000e+02 3.900000000000000000e+01 1.420000000000000000e+02
1.560000000000000000e+02 2.720000000000000000e+02 1.100000000000000000e+01 1.270000000000000000e+02 1.100000000000000000e+01 1.170000000000000000e+02 4.200000000000000000e+01 1.480000000000000000e+02 1.810000000000000000e+02 2.820000000000000000e+02 3.350000000000000000e+02 4.360000000000000000e+02
1.560000000000000000e+02 2.720000000000000000e+02 1.100000000000000000e+01 1.270000000000000000e+02 1.100000000000000000e+01 1.170000000000000000e+02 4.200000000000000000e+01 1.480000000000000000e+02 1.810000000000000000e+02 2.820000000000000000e+02 3.350000000000000000e+02 4.360000000000000000e+02
1.560000000000000000e+02 2.720000000000000000e+02 1.100000000000000000e+01 1.270000000000000000e+02 1.100000000000000000e+01 1.170000000000000000e+02 4.200000000000000000e+01 1.480000000000000000e+02 1.810000000000000000e+02 2.820000000000000000e+02 3.350000000000000000e+02 4.360000000000000000e+02
1.560000000000000000e+02 2.720000000000000000e+02 1.100000000000000000e+01 1.270000000000000000e+02 1.100000000000000000e+01 1.170000000000000000e+02 4.200000000000000000e+01 1.480000000000000000e+02 1.810000000000000000e+02 2.820000000000000000e+02 3.350000000000000000e+02 4.360000000000000000e+02
1.550000000000000000e+02 2.870000000000000000e+02 2.700000000000000000e+02 4.020000000000000000e+02 2.000000000000000000e+00 1.390000000000000000e+02 8.600000000000000000e+01 2.230000000000000000e+02 1.510000000000000000e+02 2.860000000000000000e+02 4.000000000000000000e+01 1.750000000000000000e+02
1.550000000000000000e+02 2.870000000000000000e+02 2.700000000000000000e+02 4.020000000000000000e+02 2.000000000000000000e+00 1.390000000000000000e+02 8.600000000000000000e+01 2.230000000000000000e+02 1.510000000000000000e+02 2.860000000000000000e+02 4.000000000000000000e+01 1.750000000000000000e+02
1.550000000000000000e+02 2.870000000000000000e+02 2.700000000000000000e+02 4.020000000000000000e+02 2.000000000000000000e+00 1.390000000000000000e+02 8.600000000000000000e+01 2.230000000000000000e+02 1.510000000000000000e+02 2.860000000000000000e+02 4.000000000000000000e+01 1.750000000000000000e+02
1.550000000000000000e+02 2.870000000000000000e+02 2.700000000000000000e+02 4.020000000000000000e+02 2.000000000000000000e+00 1.390000000000000000e+02 8.600000000000000000e+01 2.230000000000000000e+02 1.510000000000000000e+02 2.860000000000000000e+02 4.000000000000000000e+01 1.750000000000000000e+02
1.550000000000000000e+02 2.870000000000000000e+02 2.700000000000000000e+02 4.020000000000000000e+02 2.000000000000000000e+00 1.390000000000000000e+02 8.600000000000000000e+01 2.230000000000000000e+02 1.510000000000000000e+02 2.860000000000000000e+02 4.000000000000000000e+01 1.750000000000000000e+02
1.550000000000000000e+02 2.870000000000000000e+02 2.700000000000000000e+02 4.020000000000000000e+02 2.000000000000000000e+00 1.390000000000000000e+02 8.600000000000000000e+01 2.230000000000000000e+02 1.510000000000000000e+02 2.860000000000000000e+02 4.000000000000000000e+01 1.750000000000000000e+02
1.550000000000000000e+02 2.870000000000000000e+02 2.700000000000000000e+02 4.020000000000000000e+02 2.000000000000000000e+00 1.390000000000000000e+02 8.600000000000000000e+01 2.230000000000000000e+02 1.510000000000000000e+02 2.860000000000000000e+02 4.000000000000000000e+01 1.750000000000000000e+02
1.550000000000000000e+02 2.870000000000000000e+02 2.700000000000000000e+02 4.020000000000000000e+02 2.000000000000000000e+00 1.390000000000000000e+02 8.600000000000000000e+01 2.230000000000000000e+02 1.510000000000000000e+02 2.860000000000000000e+02 4.000000000000000000e+01 1.750000000000000000e+02
1.550000000000000000e+02 2.870000000000000000e+02 2.700000000000000000e+02 4.020000000000000000e+02 2.000000000000000000e+00 1.390000000000000000e+02 8.600000000000000000e+01 2.230000000000000000e+02 1.510000000000000000e+02 2.860000000000000000e+02 4.000000000000000000e+01 1.750000000000000000e+02
1.610000000000000000e+02 2.820000000000000000e+02 2.560000000000000000e+02 3.770000000000000000e+02 2.600000000000000000e+01 1.260000000000000000e+02 3.550000000000000000e+02 4.550000000000000000e+02 4.000000000000000000e+00 1.160000000000000000e+02 6.400000000000000000e+01 1.760000000000000000e+02
1.610000000000000000e+02 2.820000000000000000e+02 2.560000000000000000e+02 3.770000000000000000e+02 2.600000000000000000e+01 1.260000000000000000e+02 3.550000000000000000e+02 4.550000000000000000e+02 4.000000000000000000e+00 1.160000000000000000e+02 6.400000000000000000e+01 1.760000000000000000e+02
1.610000000000000000e+02 2.820000000000000000e+02 2.560000000000000000e+02 3.770000000000000000e+02 2.600000000000000000e+01 1.260000000000000000e+02 3.550000000000000000e+02 4.550000000000000000e+02 4.000000000000000000e+00 1.160000000000000000e+02 6.400000000000000000e+01 1.760000000000000000e+02
1.690000000000000000e+02 2.730000000000000000e+02 9.200000000000000000e+01 1.960000000000000000e+02 1.700000000000000000e+01 1.370000000000000000e+02 2.690000000000000000e+02 3.890000000000000000e+02 3.000000000000000000e+01 1.350000000000000000e+02 0.000000000000000000e+00 1.050000000000000000e+02
1.690000000000000000e+02 2.730000000000000000e+02 9.200000000000000000e+01 1.960000000000000000e+02 1.700000000000000000e+01 1.370000000000000000e+02 2.690000000000000000e+02 3.890000000000000000e+02 3.000000000000000000e+01 1.350000000000000000e+02 0.000000000000000000e+00 1.050000000000000000e+02
1.000000000000000000e+01 1.150000000000000000e+02 9.900000000000000000e+01 2.040000000000000000e+02 1.560000000000000000e+02 2.880000000000000000e+02 4.100000000000000000e+01 1.730000000000000000e+02 1.690000000000000000e+02 2.780000000000000000e+02 3.730000000000000000e+02 4.820000000000000000e+02
1.000000000000000000e+01 1.150000000000000000e+02 9.900000000000000000e+01 2.040000000000000000e+02 1.560000000000000000e+02 2.880000000000000000e+02 4.100000000000000000e+01 1.730000000000000000e+02 1.690000000000000000e+02 2.780000000000000000e+02 3.730000000000000000e+02 4.820000000000000000e+02
1.000000000000000000e+01 1.150000000000000000e+02 9.900000000000000000e+01 2.040000000000000000e+02 1.560000000000000000e+02 2.880000000000000000e+02 4.100000000000000000e+01 1.730000000000000000e+02 1.690000000000000000e+02 2.780000000000000000e+02 3.730000000000000000e+02 4.820000000000000000e+02
1.000000000000000000e+01 1.150000000000000000e+02 9.900000000000000000e+01 2.040000000000000000e+02 1.560000000000000000e+02 2.880000000000000000e+02 4.100000000000000000e+01 1.730000000000000000e+02 1.690000000000000000e+02 2.780000000000000000e+02 3.730000000000000000e+02 4.820000000000000000e+02
1.000000000000000000e+01 1.150000000000000000e+02 9.900000000000000000e+01 2.040000000000000000e+02 1.560000000000000000e+02 2.880000000000000000e+02 4.100000000000000000e+01 1.730000000000000000e+02 1.690000000000000000e+02 2.780000000000000000e+02 3.730000000000000000e+02 4.820000000000000000e+02
1.520000000000000000e+02 2.640000000000000000e+02 3.600000000000000000e+01 1.480000000000000000e+02 1.610000000000000000e+02 2.730000000000000000e+02 2.910000000000000000e+02 4.030000000000000000e+02 0.000000000000000000e+00 1.260000000000000000e+02 3.250000000000000000e+02 4.510000000000000000e+02
1.520000000000000000e+02 2.640000000000000000e+02 3.600000000000000000e+01 1.480000000000000000e+02 1.610000000000000000e+02 2.730000000000000000e+02 2.910000000000000000e+02 4.030000000000000000e+02 0.000000000000000000e+00 1.260000000000000000e+02 3.250000000000000000e+02 4.510000000000000000e+02
1.520000000000000000e+02 2.640000000000000000e+02 3.600000000000000000e+01 1.480000000000000000e+02 1.610000000000000000e+02 2.730000000000000000e+02 2.910000000000000000e+02 4.030000000000000000e+02 0.000000000000000000e+00 1.260000000000000000e+02 3.250000000000000000e+02 4.510000000000000000e+02
1.520000000000000000e+02 2.640000000000000000e+02 3.600000000000000000e+01 1.480000000000000000e+02 1.610000000000000000e+02 2.730000000000000000e+02 2.910000000000000000e+02 4.030000000000000000e+02 0.000000000000000000e+00 1.260000000000000000e+02 3.250000000000000000e+02 4.510000000000000000e+02
1.400000000000000000e+01 1.210000000000000000e+02 2.570000000000000000e+02 3.640000000000000000e+02 1.790000000000000000e+02 2.820000000000000000e+02 2.830000000000000000e+02 3.860000000000000000e+02 1.000000000000000000e+01 1.190000000000000000e+02 4.200000000000000000e+01 1.510000000000000000e+02
1.400000000000000000e+01 1.210000000000000000e+02 2.570000000000000000e+02 3.640000000000000000e+02 1.790000000000000000e+02 2.820000000000000000e+02 2.830000000000000000e+02 3.860000000000000000e+02 1.000000000000000000e+01 1.190000000000000000e+02 4.200000000000000000e+01 1.510000000000000000e+02
1.400000000000000000e+01 1.210000000000000000e+02 2.570000000000000000e+02 3.640000000000000000e+02 1.790000000000000000e+02 2.820000000000000000e+02 2.830000000000000000e+02 3.860000000000000000e+02 1.000000000000000000e+01 1.190000000000000000e+02 4.200000000000000000e+01 1.510000000000000000e+02
1.400000000000000000e+01 1.210000000000000000e+02 2.570000000000000000e+02 3.640000000000000000e+02 1.790000000000000000e+02 2.820000000000000000e+02 2.830000000000000000e+02 3.860000000000000000e+02 1.000000000000000000e+01 1.190000000000000000e+02 4.200000000000000000e+01 1.510000000000000000e+02
1.400000000000000000e+01 1.210000000000000000e+02 2.570000000000000000e+02 3.640000000000000000e+02 1.790000000000000000e+02 2.820000000000000000e+02 2.830000000000000000e+02 3.860000000000000000e+02 1.000000000000000000e+01 1.190000000000000000e+02 4.200000000000000000e+01 1.510000000000000000e+02
1.560000000000000000e+02 2.780000000000000000e+02 8.900000000000000000e+01 2.110000000000000000e+02 1.000000000000000000e+01 1.330000000000000000e+02 3.250000000000000000e+02 4.480000000000000000e+02 1.560000000000000000e+02 2.890000000000000000e+02 2.840000000000000000e+02 4.170000000000000000e+02
1.560000000000000000e+02 2.780000000000000000e+02 8.900000000000000000e+01 2.110000000000000000e+02 1.000000000000000000e+01 1.330000000000000000e+02 3.250000000000000000e+02 4.480000000000000000e+02 1.560000000000000000e+02 2.890000000000000000e+02 2.840000000000000000e+02 4.170000000000000000e+02
1.560000000000000000e+02 2.780000000000000000e+02 8.900000000000000000e+01 2.110000000000000000e+02 1.000000000000000000e+01 1.330000000000000000e+02 3.250000000000000000e+02 4.480000000000000000e+02 1.560000000000000000e+02 2.890000000000000000e+02 2.840000000000000000e+02 4.170000000000000000e+02
1.560000000000000000e+02 2.780000000000000000e+02 8.900000000000000000e+01 2.110000000000000000e+02 1.000000000000000000e+01 1.330000000000000000e+02 3.250000000000000000e+02 4.480000000000000000e+02 1.560000000000000000e+02 2.890000000000000000e+02 2.840000000000000000e+02 4.170000000000000000e+02
1.560000000000000000e+02 2.780000000000000000e+02 8.900000000000000000e+01 2.110000000000000000e+02 1.000000000000000000e+01 1.330000000000000000e+02 3.250000000000000000e+02 4.480000000000000000e+02 1.560000000000000000e+02 2.890000000000000000e+02 2.840000000000000000e+02 4.170000000000000000e+02
1.560000000000000000e+02 2.780000000000000000e+02 8.900000000000000000e+01 2.110000000000000000e+02 1.000000000000000000e+01 1.330000000000000000e+02 3.250000000000000000e+02 4.480000000000000000e+02 1.560000000000000000e+02 2.890000000000000000e+02 2.840000000000000000e+02 4.170000000000000000e+02
1.560000000000000000e+02 2.780000000000000000e+02 8.900000000000000000e+01 2.110000000000000000e+02 1.000000000000000000e+01 1.330000000000000000e+02 3.250000000000000000e+02 4.480000000000000000e+02 1.560000000000000000e+02 2.890000000000000000e+02 2.840000000000000000e+02 4.170000000000000000e+02
1.560000000000000000e+02 2.780000000000000000e+02 8.900000000000000000e+01 2.110000000000000000e+02 1.000000000000000000e+01 1.330000000000000000e+02 3.250000000000000000e+02 4.480000000000000000e+02 1.560000000000000000e+02 2.890000000000000000e+02 2.840000000000000000e+02 4.170000000000000000e+02
1.500000000000000000e+02 2.880000000000000000e+02 2.690000000000000000e+02 4.070000000000000000e+02 2.000000000000000000e+00 1.220000000000000000e+02 7.300000000000000000e+01 1.930000000000000000e+02 1.000000000000000000e+00 1.280000000000000000e+02 2.590000000000000000e+02 3.860000000000000000e+02
1.500000000000000000e+02 2.880000000000000000e+02 2.690000000000000000e+02 4.070000000000000000e+02 2.000000000000000000e+00 1.220000000000000000e+02 7.300000000000000000e+01 1.930000000000000000e+02 1.000000000000000000e+00 1.280000000000000000e+02 2.590000000000000000e+02 3.860000000000000000e+02
1.500000000000000000e+02 2.880000000000000000e+02 2.690000000000000000e+02 4.070000000000000000e+02 2.000000000000000000e+00 1.220000000000000000e+02 7.300000000000000000e+01 1.930000000000000000e+02 1.000000000000000000e+00 1.280000000000000000e+02 2.590000000000000000e+02 3.860000000000000000e+02
0.000000000000000000e+00 1.350000000000000000e+02 2.670000000000000000e+02 4.020000000000000000e+02 1.750000000000000000e+02 2.860000000000000000e+02 6.400000000000000000e+01 1.750000000000000000e+02 0.000000000000000000e+00 1.340000000000000000e+02 5.600000000000000000e+01 1.900000000000000000e+02
